                        vector test                         
============================================================
size not (size_t)-1 on empty (undefined behavior)
1
10 10 20 30 40 
capacity : 8, size : 5
40 30 20 10 0 
capacity : 8, size : 5

capacity : 30, size : 30
0 10 20 30 40 42 42 42 42 42 42 42 42 42 42 42 42 42 42 42 42 42 42 42 42 42 42 42 42 42 
capacity : 30, size : 30
capacity : 30, size : 29
0 10 20 30 40 42 42 42 42 42 42 42 42 42 42 42 42 42 42 42 42 42 42 42 42 42 42 42 42 
capacity : 30, size : 29
capacity : 30, size : 29
0
42
0 999 999 999 10 20 30 40 42 42 42 42 42 42 42 42 42 42 42 42 42 42 42 42 42 42 42 42 42 42 42 42 
capacity : 60, size : 32
0 999 999 999 10 20 30 40 42 42 42 42 42 42 42 42 42 42 42 42 42 42 42 42 42 42 42 42 42 42 42 
capacity : 60, size : 31
10 10 10 10 10 
capacity : 60, size : 5
10 10 10 10 10 
capacity : 60, size : 5
1 0
capacity : 60, size : 5
vector max size  : 4611686018427387903
                         stack test                         
============================================================
0
5
1 0
55 44 33 22 11 
1
                          map test                          
============================================================
0
5
a, 10
b, 20
c, 30
d, 40
e, 50
a : 10
b : 20
e, 50
d, 40
c, 30
a, 10
1
c
e
1 0
